0,413
0,412
0,411
0,410
0,409
0,408
0,407
0,406
0,405
0,404
0,403
0,402
0,401
0,400
0,399
0,398
0,397
0,396
38,3
38,2
38,1
38,0
37,3
37,2
37,1
37,0
36,4
36,3
36,2
36,1
36,0
35,4
35,3
35,2
35,1
35,0
34,3
34,2
34,1
34,0
29,4
29,2
29,0
0,395
0,394
0,393
30,4
0,392
30,2
30,0
30,1
30,3
0,391
0,390
28,2
28,0
0,389
0,388
0,387
0,386
0,278
31,2
31,0
0,385
0,243
29,1
29,3
31,1
31,3
32,49
32,48
32,47
32,46
32,45
32,44
32,43
32,42
32,41
32,40
32,39
32,38
32,37
32,36
32,35
33,3
33,2
33,1
33,0
28,1
28,3
3,2
10,266
10,27
10,164
10,229
10,203
